A-	T-	G-	C-	-A	-T	-G	-C	-N	AT	AG	AC	TA	TG	TC	GA	GT	GC	CA	CT	CG	multinuc_deletion	multinuc_insertion	multinuc_mismatch	complex_deletion	complex_insertion	read_depth	effective_depth	off_target_mapped_depth	low_mapq_mapped_depth	mapped_depth
0	0	0	0	0	0	0	0	0	0	0	0	0	0	0	0	0	0	0	0	0	0	0	0	0	0	2454	2066	0	1	2454
0	0	0	0	0	0	0	0	0	0	0	0	0	0	0	0	0	0	0	0	0	0	0	0	0	0	4241	3530	0	1	4241
0	0	0	0	0	0	0	0	0	0	0	0	0	0	0	0	0	0	2	0	0	0	0	0	0	0	4811	4014	0	1	4811
0	0	0	0	0	0	0	0	0	0	0	0	6	0	3	0	0	0	0	0	0	0	0	0	0	0	5356	4555	0	1	5356
0	0	0	0	1	0	0	0	0	0	0	0	0	0	0	0	0	0	4	5	0	0	0	0	0	0	6076	5141	0	1	6076
0	0	0	0	0	0	0	0	0	0	0	0	2	4	12	0	0	0	0	0	0	0	0	1	0	0	6108	5104	0	1	6108
0	0	0	0	0	0	0	1	0	0	0	0	5	2	5	0	0	0	0	0	0	0	0	0	0	0	6424	5490	0	1	6424
0	0	0	0	0	0	0	0	0	1	19	5	0	0	0	0	0	0	0	0	0	0	0	1	0	0	6623	5615	0	1	6623
0	0	0	0	0	0	0	1	0	0	0	0	0	0	0	28	0	0	0	0	0	0	0	0	0	2	7187	6068	0	1	7187
0	0	0	0	0	0	0	0	0	0	0	0	0	0	0	0	0	0	10	19	9	0	1	0	0	0	7714	6416	0	2	7714
0	0	0	0	0	2	0	0	0	0	0	0	0	0	0	12	1	3	0	0	0	0	0	0	0	0	7768	6437	0	2	7768
0	0	0	0	1	1	0	3	0	0	0	0	0	0	0	18	1	0	0	0	0	0	0	4	0	5	8314	6689	0	2	8314
0	0	0	0	0	0	0	0	0	0	0	0	36	6	39	0	0	0	0	0	0	0	0	4	0	0	8484	6738	0	2	8484
0	0	1	0	0	0	0	0	0	0	0	0	0	0	0	27	3	20	0	0	0	0	0	0	0	5	9239	7400	0	2	9239
0	0	0	0	2	0	0	0	0	0	0	0	0	0	0	6	1	2	0	0	0	0	0	0	0	0	9351	7618	0	2	9351
0	0	0	0	0	0	0	0	0	14	6	1	0	0	0	0	0	0	0	0	0	0	0	0	2	0	9528	7867	0	2	9528
0	0	0	0	0	0	0	0	0	0	0	0	28	3	7	0	0	0	0	0	0	0	0	1	1	0	10226	8539	0	2	10226
0	0	0	0	0	0	0	0	0	0	0	0	0	0	0	0	0	0	7	13	4	0	0	1	0	0	11310	9377	0	2	11310
1	0	0	0	0	0	0	0	0	8	11	3	0	0	0	0	0	0	0	0	0	0	0	1	0	0	11525	9634	0	2	11525
0	0	0	4	0	4	0	0	0	0	0	0	0	0	0	0	0	0	4	6	0	0	0	1	0	1	12432	10505	0	6	12432
0	0	0	0	0	0	0	0	0	0	0	0	31	11	29	0	0	0	0	0	0	0	0	1	0	2	13534	11641	0	7	13534
0	0	0	0	0	3	2	0	0	0	0	0	0	0	0	0	0	0	19	22	2	0	0	0	0	1	14008	11753	0	7	14008
0	0	0	0	0	0	0	0	0	0	0	0	0	0	0	59	2	5	0	0	0	0	2	65	15	0	14082	11733	0	7	14082
0	0	0	0	0	3	0	0	0	0	0	0	0	0	0	76	5	5	0	0	0	0	0	2	0	1	15429	12785	0	7	15429
0	0	0	0	0	3	0	0	0	0	0	0	0	0	0	0	0	0	30	14	2	0	0	1	0	2	15642	12730	0	7	15642
0	0	0	0	0	0	0	0	0	0	0	0	32	10	27	0	0	0	0	0	0	0	0	1	0	0	15692	12742	0	7	15692
0	0	0	0	0	2	0	0	0	0	0	0	0	0	0	0	0	0	7	18	2	0	0	5	0	0	16254	13121	0	7	16254
0	0	0	0	0	2	0	0	0	0	0	0	0	0	0	40	9	2	0	0	0	0	0	2	0	1	16471	12919	0	7	16471
0	0	0	0	0	0	0	0	0	0	0	0	16	11	24	0	0	0	0	0	0	0	1	5	0	0	16520	13084	0	8	16520
0	0	0	0	0	0	0	0	0	0	0	0	0	0	0	55	3	7	0	0	0	0	0	1	0	0	16583	12896	0	8	16583
0	0	0	0	0	0	0	0	0	0	0	0	0	0	0	0	0	0	14	29	5	0	3	6	1	1	19404	16008	0	8	19404
0	0	0	0	0	4	0	0	0	0	0	0	0	0	0	30	4	4	0	0	0	0	0	1	0	0	19814	14551	0	8	19814
0	0	0	0	0	0	0	0	0	0	0	0	54	22	26	0	0	0	0	0	0	1	0	9	24	0	22830	17436	0	10	22830
0	0	0	0	0	1	0	0	0	0	0	0	0	0	0	0	0	0	16	35	2	0	0	0	0	0	22263	16713	0	10	22263
0	0	0	0	1	0	0	0	0	0	0	0	0	0	0	60	7	2	0	0	0	0	0	3	0	0	23341	19405	0	10	23341
0	0	0	0	0	1	0	0	0	20	50	15	0	0	0	0	0	0	0	0	0	0	0	5	1	1	25876	20695	0	10	25876
0	1	0	0	0	0	0	1	0	0	0	0	42	26	30	0	0	0	0	0	0	0	0	2	0	2	26014	20434	0	10	26014
0	0	0	0	3	0	0	0	0	0	0	0	0	0	0	43	11	8	0	0	0	0	0	2	0	0	28363	22688	0	10	28363
0	0	0	0	0	0	0	0	0	7	20	3	0	0	0	0	0	0	0	0	0	0	0	6	0	0	27654	22400	0	10	27654
0	0	0	0	0	0	4	0	0	0	41	2	0	0	0	0	0	0	0	0	0	0	0	0	0	1	27529	22727	0	10	27529
0	0	1	0	3	0	0	0	0	0	0	0	0	0	0	20	4	1	0	0	0	0	0	6	0	0	28828	22922	0	10	28828
0	0	0	0	0	0	0	0	0	7	18	8	0	0	0	0	0	0	0	0	0	0	0	14	0	0	29084	23299	0	10	29084
0	0	0	0	0	6	3	0	0	8	58	4	0	0	0	0	0	0	0	0	0	0	0	2	0	0	31251	25686	0	15	31251
0	0	0	0	4	4	0	0	0	0	0	0	0	0	0	0	0	0	24	53	6	0	0	2	0	0	36806	29952	0	31	36806
0	0	0	0	0	0	0	0	0	0	0	0	0	0	0	120	7	9	0	0	0	0	0	4	0	0	37078	31142	0	30	37078
0	0	0	0	0	0	0	0	0	0	0	0	0	0	0	0	0	0	17	23	5	0	0	0	0	0	38433	31005	0	30	38433
0	0	0	0	0	0	0	0	0	9	21	7	0	0	0	0	0	0	0	0	0	0	0	0	0	0	38603	32357	0	30	38603
0	0	0	0	2	0	0	0	0	0	0	0	0	0	0	118	14	17	0	0	0	0	0	3	0	0	39379	32681	0	30	39379
0	0	0	0	0	3	0	0	0	0	0	0	0	0	0	0	0	0	50	61	10	0	1	2	0	2	39140	31536	0	30	39140
0	2	0	0	1	0	0	0	0	0	0	0	80	12	44	0	0	0	0	0	0	1	0	4	14	0	39677	32606	0	30	39677
0	0	0	0	0	1	0	0	0	6	28	3	0	0	0	0	0	0	0	0	0	0	0	1	0	0	40681	33226	0	30	40681
0	0	0	0	0	2	0	0	0	0	0	0	0	0	0	195	9	24	0	0	0	0	0	1	0	1	40496	34708	0	30	40496
0	0	0	0	0	5	0	0	0	0	0	0	0	0	0	0	0	0	65	69	9	0	0	0	0	1	45017	34417	0	30	45017
0	0	0	0	0	0	0	0	0	0	0	0	84	35	51	0	0	0	0	0	0	0	4	5	0	0	46230	35112	0	29	46230
0	0	1	0	0	0	0	0	0	0	0	0	0	0	0	171	3	12	0	0	0	0	0	5	1	2	47366	35300	0	30	47366
0	0	0	2	0	2	0	0	0	0	0	0	0	0	0	0	0	0	59	119	14	0	0	4	1	1	46965	38139	0	27	46965
0	0	0	0	6	0	0	0	0	0	0	0	0	0	0	78	2	6	0	0	0	0	0	6	0	0	47097	38975	0	27	47097
10	0	0	0	0	0	1	0	0	704	64	8	0	0	0	0	0	0	0	0	0	1	0	3	2	0	46976	38848	0	25	46976
0	0	0	0	5	0	0	0	0	0	0	0	0	0	0	41	11	10	0	0	0	0	1	5	0	1	52087	43887	0	26	52087
0	0	0	0	0	0	0	0	0	13	32	2	0	0	0	0	0	0	0	0	0	0	0	103	0	1	54999	45300	0	26	54999
0	0	0	0	0	11	0	0	0	7	63	5	0	0	0	0	0	0	0	0	0	0	1	0	0	0	55092	46111	0	27	55092
0	0	0	0	0	0	0	0	0	0	0	0	76	42	75	0	0	0	0	0	0	0	0	3	2	0	55109	41881	0	27	55109
0	0	0	0	2	0	2	0	0	0	0	0	48	16	115	0	0	0	0	0	0	0	0	10	0	3	55414	40407	0	27	55414
0	0	0	0	0	0	0	0	0	15	33	0	0	0	0	0	0	0	0	0	0	0	0	1	0	0	56993	42591	0	27	56993
0	0	0	0	0	4	4	0	0	12	61	7	0	0	0	0	0	0	0	0	0	0	6	3	0	1	57114	46793	0	27	57114
0	1	0	0	0	0	0	1	0	0	0	0	132	107	79	0	0	0	0	0	0	0	0	3	1	0	57066	48503	0	27	57066
0	0	0	0	0	1	0	0	0	0	0	0	0	0	0	191	19	8	0	0	0	0	0	13	1	1	58912	45839	0	27	58912
0	0	0	0	0	0	0	0	0	0	0	0	181	62	77	0	0	0	0	0	0	0	0	9	0	1	55084	44156	0	26	55084
0	0	0	0	2	0	0	0	0	0	0	0	0	0	0	70	10	3	0	0	0	0	0	2	0	0	57882	47800	0	27	57882
1	0	0	0	0	0	0	0	0	25	62	2	0	0	0	0	0	0	0	0	0	0	0	2	0	0	56706	47047	0	12	56706
0	0	0	0	0	289	1	0	0	26	59	7	0	0	0	0	0	0	0	0	0	0	0	5	0	8	55829	48066	0	12	55829
0	1	0	0	5	0	0	4	0	0	0	0	108	39	111	0	0	0	0	0	0	0	0	47	0	1	64579	54422	0	16	64579
0	0	0	0	3	0	14	36	0	0	0	0	45	45	64	0	0	0	0	0	0	0	1	9	0	1	62413	53308	0	17	62413
0	0	9	0	1	6	0	0	0	0	0	0	0	0	0	420	317	87	0	0	0	0	0	7	1	29	64383	54416	0	17	64383
0	0	0	0	33	14	6	0	0	0	0	0	0	0	0	0	0	0	4	64	28	1	0	11	0	1	62576	52063	0	17	62576
1	0	0	0	0	0	0	0	0	21	78	6	0	0	0	0	0	0	0	0	0	0	0	2	0	1	61541	51988	0	17	61541
0	0	0	0	0	0	0	0	0	0	0	0	0	0	0	266	17	20	0	0	0	0	0	14	3	5	62832	51955	0	17	62832
0	0	0	0	0	0	0	0	0	0	0	0	0	0	0	80	20	27	0	0	0	0	0	3	0	0	60879	49130	0	18	60879
2	0	0	0	0	0	0	0	0	46	82	6	0	0	0	0	0	0	0	0	0	0	0	66	1	0	64527	52611	0	20	64527
0	0	0	2	0	0	0	0	0	0	0	0	0	0	0	0	0	0	14	48	4	1	0	3	0	2	64756	49148	0	20	64756
0	0	0	0	0	0	0	0	0	22	64	14	0	0	0	0	0	0	0	0	0	0	0	0	0	0	63136	53180	0	15	63136
0	0	0	0	0	0	0	0	0	0	0	0	0	0	0	0	0	0	12	31	4	0	3	0	0	0	64916	55548	0	17	64916
0	0	0	0	0	13	0	1	0	42	69	7	0	0	0	0	0	0	0	0	0	0	0	1	0	0	65065	55761	0	15	65065
0	3	0	0	1	0	0	0	0	0	0	0	127	50	115	0	0	0	0	0	0	0	0	4	0	0	64554	56151	0	15	64554
0	0	0	0	0	0	1	2	0	0	0	0	122	31	67	0	0	0	0	0	0	1	0	2	0	1	63896	54373	0	15	63896
0	0	2	0	2	0	0	0	0	0	0	0	0	0	0	375	9	11	0	0	0	0	0	7	0	0	64641	54540	0	17	64641
0	0	0	0	0	1	0	0	0	26	84	3	0	0	0	0	0	0	0	0	0	0	0	2	0	0	67845	56096	0	21	67845
0	0	0	0	0	0	0	0	0	0	0	0	152	37	52	0	0	0	0	0	0	0	1	11	1	1	66588	53988	0	21	66588
0	0	0	0	0	0	0	0	0	0	0	0	0	0	0	0	0	0	21	35	586	1	0	28	0	0	65792	52063	0	22	65792
0	0	0	0	0	1	0	0	0	18	61	7	0	0	0	0	0	0	0	0	0	0	0	23	1	0	62719	50699	0	22	62719
0	0	0	0	0	0	0	0	0	0	0	0	125	52	79	0	0	0	0	0	0	0	0	9	0	0	62050	53453	0	22	62050
0	0	0	0	0	1	0	0	0	0	0	0	0	0	0	0	0	0	91	97	11	0	0	6	0	2	62626	53945	0	22	62626
0	0	1	0	1	0	0	0	0	0	0	0	0	0	0	59	9	22	0	0	0	0	0	2	0	2	62552	49509	0	22	62552
0	0	0	0	0	0	0	2	0	55	97	43	0	0	0	0	0	0	0	0	0	0	0	35	0	0	63107	49827	0	22	63107
0	0	0	1	0	0	0	0	0	0	0	0	0	0	0	0	0	0	16	39	11	0	0	5	1	2	58359	44254	0	22	58359
0	0	0	0	0	0	0	0	0	39	95	4	0	0	0	0	0	0	0	0	0	0	0	24	0	0	57519	48265	0	22	57519
0	0	0	0	0	78	0	0	0	0	0	0	0	0	0	0	0	0	50	94	3	0	1	3	0	6	59903	48732	0	22	59903
0	0	0	0	1	0	0	0	0	0	0	0	106	96	129	0	0	0	0	0	0	0	0	9	0	0	63962	54088	0	22	63962
0	0	0	0	8	0	2	5	0	0	0	0	69	31	129	0	0	0	0	0	0	0	0	8	34	6	64559	54522	0	22	64559
0	0	0	0	0	1	0	0	0	0	0	0	0	0	0	0	0	0	36	80	7	0	0	37	0	7	62403	53942	0	22	62403
0	0	1	0	0	4	0	0	0	0	0	0	0	0	0	71	2	13	0	0	0	0	0	5	1	3	62536	51904	0	22	62536
8	0	0	0	0	1	0	0	0	28	41	1	0	0	0	0	0	0	0	0	0	0	0	5	1	0	62240	48948	0	22	62240
0	0	0	0	0	23	6	0	0	22	110	21	0	0	0	0	0	0	0	0	0	0	0	6	4	0	66411	52988	0	22	66411
0	0	0	0	0	2	0	0	0	0	0	0	0	0	0	0	0	0	37	94	6	0	0	2	0	0	73781	58959	0	22	73781
0	0	0	0	0	0	0	0	0	0	0	0	0	0	0	232	19	43	0	0	0	0	0	3	0	0	73711	60727	0	21	73711
0	0	0	0	1	0	0	0	0	0	0	0	0	0	0	0	0	0	30	37	11	0	0	2	0	0	70987	57860	0	21	70987
0	0	0	0	0	0	0	2	0	43	46	9	0	0	0	0	0	0	0	0	0	0	0	5	1	0	70455	60127	0	21	70455
0	0	0	1	1	40	1	0	0	0	0	0	0	0	0	0	0	0	74	88	1	0	0	1	0	0	65745	55735	0	26	65745
0	0	0	0	0	0	1	0	0	0	0	0	78	81	104	0	0	0	0	0	0	0	0	3	0	1	66063	55510	0	26	66063
0	0	0	0	2	0	2	0	0	0	0	0	49	45	105	0	0	0	0	0	0	0	0	330	0	1	66625	56060	0	26	66625
0	0	1	0	1	1	0	0	0	0	0	0	0	0	0	236	22	25	0	0	0	0	0	13	0	10	64741	53719	0	26	64741
0	0	0	0	0	0	2	0	0	0	0	0	0	0	0	0	0	0	51	117	18	0	0	5	2	2	64977	54939	0	26	64977
0	0	5	0	1	0	0	0	0	0	0	0	0	0	0	348	5	16	0	0	0	0	0	47	3	112	64889	56077	0	26	64889
0	0	0	0	4	21	0	8	0	0	0	0	0	0	0	248	3	25	0	0	0	0	0	9	0	0	65466	55212	0	38	65466
0	0	0	28	0	1	0	0	0	0	0	0	0	0	0	0	0	0	59	112	14	0	0	2	2	2	63495	54397	0	37	63495
0	0	0	0	13	22	2	0	0	0	0	0	0	0	0	0	0	0	47	63	7	0	4	7	0	0	62796	52443	0	39	62796
0	0	0	0	0	3	0	0	0	0	0	0	0	0	0	0	0	0	44	117	8	0	0	10	0	1	60090	50245	0	39	60090
0	0	0	0	3	9	14	0	0	0	0	0	0	0	0	0	0	0	36	98	5	0	0	1	0	8	57534	48510	0	39	57534
0	0	6	0	1	0	0	0	0	0	0	0	0	0	0	179	11	9	0	0	0	0	0	9	0	1	57914	48902	0	43	57914
0	0	0	0	2	0	0	0	0	0	0	0	0	0	0	229	17	9	0	0	0	0	2	9	0	2	58335	49613	0	44	58335
0	0	0	0	4	57	0	0	0	0	0	0	0	0	0	118	17	16	0	0	0	0	0	5	0	1	58652	37057	0	44	58652
0	3	0	0	0	0	0	2	0	0	0	0	58	26	105	0	0	0	0	0	0	0	0	3	0	0	56205	31929	0	35	56205
0	0	0	0	7	0	4	8	0	0	0	0	34	16	81	0	0	0	0	0	0	0	0	5	0	2	52787	30499	0	35	52787
0	0	0	0	0	2	0	0	0	0	0	0	0	0	0	0	0	0	42	40	1	0	0	3	0	0	51926	36845	0	35	51926
0	0	0	0	8	11	0	0	0	0	0	0	0	0	0	0	0	0	25	28	4	0	0	1	0	1	50433	39886	0	35	50433
0	1	0	0	0	0	0	2	0	0	0	0	31	21	146	0	0	0	0	0	0	0	0	1121	0	0	51045	41987	0	36	51045
0	0	0	4	0	4	0	0	0	0	0	0	0	0	0	0	0	0	63	107	4	0	0	9	0	4	51180	41272	0	36	51180
0	0	0	0	10	44	0	0	0	0	0	0	0	0	0	0	0	0	34	37	6	0	5	1	0	4	50161	40946	0	36	50161
0	0	0	0	15	7	12	0	0	0	0	0	0	0	0	0	0	0	29	93	8	0	0	5	0	1	47960	40996	0	36	47960
0	0	11	0	0	0	0	0	0	0	0	0	0	0	0	182	21	13	0	0	0	0	0	12	0	0	47472	40525	0	36	47472
0	0	0	0	4	4	0	0	0	0	0	0	0	0	0	180	9	9	0	0	0	0	1	6	0	0	48691	42459	0	36	48691
0	0	0	0	2	2	0	0	0	0	0	0	0	0	0	155	17	16	0	0	0	0	1	6	0	1	48954	40979	0	36	48954
0	0	0	0	1	0	0	1	0	0	0	0	0	0	0	114	7	15	0	0	0	0	0	7	0	1	47176	39854	0	35	47176
0	0	0	0	0	1	0	0	0	0	0	0	0	0	0	0	0	0	135	23	5	0	0	2	0	1	43091	29326	0	35	43091
0	0	0	0	1	0	0	0	0	0	0	0	9	116	90	0	0	0	0	0	0	0	0	5	0	1	35506	28226	0	26	35506
0	0	0	0	0	0	0	0	0	18	96	3	0	0	0	0	0	0	0	0	0	0	0	3	0	0	35083	28172	0	26	35083
0	0	0	0	0	0	1	0	0	0	0	0	0	0	0	0	0	0	8	42	0	0	0	1	0	0	34843	30304	0	26	34843
0	0	0	0	0	0	0	1	0	0	0	0	0	0	0	120	4	23	0	0	0	0	0	2	0	0	34678	29477	0	26	34678
0	0	0	0	0	0	0	0	0	0	0	0	0	0	0	0	0	0	28	36	2	0	0	2	0	0	34505	24059	0	15	34505
0	0	0	0	0	2	0	0	0	0	0	0	0	0	0	0	0	0	28	14	1	0	0	17	1	0	28553	14895	0	15	28553
0	0	0	0	0	0	0	0	0	0	0	0	14	37	24	0	0	0	0	0	0	0	0	7	0	3	17892	15172	0	15	17892
0	0	0	0	0	4	0	0	0	0	0	0	0	0	0	35	4	6	0	0	0	0	1	5	0	0	17801	14739	0	15	17801
0	0	0	0	0	0	0	0	0	0	0	0	41	14	27	0	0	0	0	0	0	0	0	1	0	0	17472	14290	0	15	17472
0	0	0	0	0	3	0	0	0	0	0	0	0	0	0	0	0	0	11	10	3	0	0	33	1	1	17023	11107	0	8	17023
0	0	0	0	0	0	0	0	0	0	0	0	16	7	25	0	0	0	0	0	0	0	1	2	0	4	13392	10930	0	8	13392
0	0	7	0	1	0	0	0	0	0	0	0	0	0	0	133	8	2	0	0	0	0	0	15	2	1	12878	9659	0	8	12878
0	0	0	0	0	0	0	0	0	16	18	0	0	0	0	0	0	0	0	0	0	0	0	7	0	0	11853	9347	0	8	11853
0	0	0	0	0	0	0	0	0	0	0	0	0	0	0	25	8	7	0	0	0	0	0	16	0	3	11713	8805	0	8	11713
0	0	0	0	0	2	0	0	0	0	0	0	0	0	0	0	0	0	7	8	2	0	0	2	0	0	11232	7837	0	8	11232
0	0	0	0	0	0	0	0	0	0	0	0	0	0	0	7	2	1	0	0	0	0	0	1	0	0	9654	6196	0	8	9654
0	0	0	0	0	0	0	0	0	0	0	0	326	0	4	0	0	0	0	0	0	0	1	52	3	12	7745	5414	0	8	7745
0	0	0	0	0	0	0	0	0	0	0	0	0	0	0	0	0	0	9	3	3	0	0	4	0	2	7048	5114	0	4	7048
0	0	0	0	0	0	0	0	0	0	0	0	0	0	0	15	4	2	0	0	0	0	0	8	0	1	6987	5603	0	4	6987
0	0	0	0	0	2	0	0	0	0	0	0	0	0	0	0	0	0	19	10	6	0	0	24	0	0	6448	4826	0	3	6448
0	0	0	0	0	0	0	0	0	0	0	0	7	3	10	0	0	0	0	0	0	0	0	6	0	1	6078	3724	0	3	6078
0	0	0	0	0	0	0	0	0	0	0	0	0	0	0	0	0	0	0	0	0	0	0	0	0	0	3777	1696	0	0	3777
