Nucleotide	Sequence	Modified_mutations	Modified_read_depth	Modified_effective_depth	Modified_rate	Modified_off_target_mapped_depth	Modified_low_mapq_mapped_depth	Modified_mapped_depth	Untreated_mutations	Untreated_read_depth	Untreated_effective_depth	Untreated_rate	Untreated_off_target_mapped_depth	Untreated_low_mapq_mapped_depth	Untreated_mapped_depth	Denatured_mutations	Denatured_read_depth	Denatured_effective_depth	Denatured_rate	Denatured_off_target_mapped_depth	Denatured_low_mapq_mapped_depth	Denatured_mapped_depth	Reactivity_profile	Std_err	HQ_profile	HQ_stderr	Norm_profile	Norm_stderr
1	G	0	2454	2066	0.000000	0	1	2454	0	957	830	0.000000	0	3	957	0	0	0	nan	0	0	0	0.000000	0.000000	nan	nan	nan	nan
2	A	0	4241	3530	0.000000	0	1	4241	0	1803	1510	0.000000	0	3	1803	0	0	0	nan	0	0	0	0.000000	0.000000	nan	nan	nan	nan
3	C	2	4811	4014	0.000498	0	1	4811	0	1995	1670	0.000000	0	3	1995	0	0	0	nan	0	0	0	0.000498	0.000352	nan	nan	nan	nan
4	U	9	5356	4555	0.001976	0	1	5356	0	2208	1892	0.000000	0	3	2208	0	0	0	nan	0	0	0	0.001976	0.000659	nan	nan	nan	nan
5	C	10	6076	5141	0.001945	0	1	6076	0	2517	2134	0.000000	0	3	2517	0	0	0	nan	0	0	0	0.001945	0.000615	nan	nan	nan	nan
6	U	19	6108	5104	0.003723	0	1	6108	1	2526	2131	0.000469	0	3	2526	0	0	0	nan	0	0	0	0.003253	0.000974	nan	nan	nan	nan
7	U	13	6424	5490	0.002368	0	1	6424	3	2695	2323	0.001291	0	3	2695	0	0	0	nan	0	0	0	0.001077	0.000994	nan	nan	nan	nan
8	A	26	6623	5615	0.004630	0	1	6623	5	2702	2311	0.002164	0	3	2702	0	0	0	nan	0	0	0	0.002467	0.001327	nan	nan	nan	nan
9	G	31	7187	6068	0.005109	0	1	7187	1	2971	2537	0.000394	0	3	2971	0	0	0	nan	0	0	0	0.004715	0.000999	nan	nan	nan	nan
10	C	39	7714	6416	0.006079	0	2	7714	0	3192	2681	0.000000	0	3	3192	0	0	0	nan	0	0	0	0.006079	0.000973	nan	nan	nan	nan
11	G	18	7768	6437	0.002796	0	2	7768	1	3200	2677	0.000374	0	3	3200	0	0	0	nan	0	0	0	0.002423	0.000758	nan	nan	nan	nan
12	G	33	8314	6689	0.004933	0	2	8314	0	3449	2832	0.000000	0	3	3449	0	0	0	nan	0	0	0	0.004933	0.000859	nan	nan	nan	nan
13	U	85	8484	6738	0.012615	0	2	8484	5	3526	2810	0.001779	0	3	3526	0	0	0	nan	0	0	0	0.010836	0.001583	nan	nan	nan	nan
14	G	56	9239	7400	0.007568	0	2	9239	3	3753	3022	0.000993	0	3	3753	0	0	0	nan	0	0	0	0.006575	0.001162	nan	nan	nan	nan
15	G	11	9351	7618	0.001444	0	2	9351	1	3783	3065	0.000326	0	4	3783	0	0	0	nan	0	0	0	0.001118	0.000544	nan	nan	nan	nan
16	A	23	9528	7867	0.002924	0	2	9528	3	3857	3251	0.000923	0	4	3857	0	0	0	nan	0	0	0	0.002001	0.000810	nan	nan	nan	nan
17	U	40	10226	8539	0.004684	0	2	10226	0	4012	3382	0.000000	0	4	4012	0	0	0	nan	0	0	0	0.004684	0.000741	nan	nan	nan	nan
18	C	25	11310	9377	0.002666	0	2	11310	1	4259	3569	0.000280	0	4	4259	0	0	0	nan	0	0	0	0.002386	0.000602	nan	nan	nan	nan
19	A	24	11525	9634	0.002491	0	2	11525	0	4333	3676	0.000000	0	4	4333	0	0	0	nan	0	0	0	0.002491	0.000509	nan	nan	nan	nan
20	C	20	12432	10505	0.001904	0	6	12432	0	4490	3883	0.000000	0	4	4490	0	0	0	nan	0	0	0	0.001904	0.000426	nan	nan	nan	nan
21	U	74	13534	11641	0.006357	0	7	13534	5	4538	3980	0.001256	0	5	4538	0	0	0	nan	0	0	0	0.005101	0.000928	nan	nan	nan	nan
22	C	49	14008	11753	0.004169	0	7	14008	1	4622	3980	0.000251	0	5	4622	0	0	0	nan	0	0	0	0.003918	0.000646	nan	nan	nan	nan
23	G	148	14082	11733	0.012614	0	7	14082	3	4644	3937	0.000762	0	5	4644	0	0	0	nan	0	0	0	0.011852	0.001126	nan	nan	nan	nan
24	G	92	15429	12785	0.007196	0	7	15429	0	5014	4237	0.000000	0	5	5014	0	0	0	nan	0	0	0	0.007196	0.000750	nan	nan	nan	nan
25	C	52	15642	12730	0.004085	0	7	15642	0	5103	4301	0.000000	0	5	5103	0	0	0	nan	0	0	0	0.004085	0.000566	nan	nan	nan	nan
26	U	70	15692	12742	0.005494	0	7	15692	0	5110	4286	0.000000	0	5	5110	0	0	0	nan	0	0	0	0.005494	0.000657	nan	nan	nan	nan
27	C	34	16254	13121	0.002591	0	7	16254	1	5213	4353	0.000230	0	5	5213	0	0	0	nan	0	0	0	0.002362	0.000500	nan	nan	nan	nan
28	G	56	16471	12919	0.004335	0	7	16471	3	5365	4392	0.000683	0	5	5365	0	0	0	nan	0	0	0	0.003652	0.000701	nan	nan	nan	nan
29	U	57	16520	13084	0.004356	0	8	16520	1	5351	4436	0.000225	0	4	5351	0	0	0	nan	0	0	0	0.004131	0.000619	nan	nan	nan	nan
30	G	66	16583	12896	0.005118	0	8	16583	1	5407	4406	0.000227	0	4	5407	0	0	0	nan	0	0	0	0.004891	0.000670	nan	nan	nan	nan
31	C	59	19404	16008	0.003686	0	8	19404	5	6726	5715	0.000875	0	4	6726	0	0	0	nan	0	0	0	0.002811	0.000619	0.002811	0.000619	0.513143	0.112997
32	G	43	19814	14551	0.002955	0	8	19814	0	7799	6016	0.000000	0	17	7799	0	0	0	nan	0	0	0	0.002955	0.000451	0.002955	0.000451	0.539430	0.082329
33	U	136	22830	17436	0.007800	0	10	22830	4	9135	7178	0.000557	0	17	9135	0	0	0	nan	0	0	0	0.007243	0.000725	0.007243	0.000725	1.322198	0.132348
34	C	54	22263	16713	0.003231	0	10	22263	5	8879	6927	0.000722	0	15	8879	0	0	0	nan	0	0	0	0.002509	0.000545	0.002509	0.000545	0.458014	0.099489
35	G	73	23341	19405	0.003762	0	10	23341	2	9350	7973	0.000251	0	15	9350	0	0	0	nan	0	0	0	0.003511	0.000475	0.003511	0.000475	0.640927	0.086710
36	A	93	25876	20695	0.004494	0	10	25876	6	10158	8551	0.000702	0	15	10158	0	0	0	nan	0	0	0	0.003792	0.000547	0.003792	0.000547	0.692223	0.099854
37	U	104	26014	20434	0.005090	0	10	26014	3	10164	8468	0.000354	0	15	10164	0	0	0	nan	0	0	0	0.004735	0.000539	0.004735	0.000539	0.864367	0.098394
38	G	67	28363	22688	0.002953	0	10	28363	0	10741	9003	0.000000	0	15	10741	0	0	0	nan	0	0	0	0.002953	0.000361	0.002953	0.000361	0.539065	0.065900
39	A	36	27654	22400	0.001607	0	10	27654	2	10124	8617	0.000232	0	15	10124	0	0	0	nan	0	0	0	0.001375	0.000314	0.001375	0.000314	0.251004	0.057320
40	A	48	27529	22727	0.002112	0	10	27529	3	10008	8560	0.000350	0	15	10008	0	0	0	nan	0	0	0	0.001762	0.000366	0.001762	0.000366	0.321650	0.066813
41	G	35	28828	22922	0.001527	0	10	28828	2	10224	8397	0.000238	0	15	10224	0	0	0	nan	0	0	0	0.001289	0.000308	0.001289	0.000308	0.235305	0.056225
42	A	47	29084	23299	0.002017	0	10	29084	1	10111	8437	0.000119	0	15	10111	0	0	0	nan	0	0	0	0.001899	0.000317	0.001899	0.000317	0.346659	0.057868
43	A	81	31251	25686	0.003153	0	15	31251	1	10462	8822	0.000113	0	15	10462	0	0	0	nan	0	0	0	0.003040	0.000368	0.003040	0.000368	0.554947	0.067178
44	C	93	36806	29952	0.003105	0	31	36806	4	11445	9603	0.000417	0	19	11445	0	0	0	nan	0	0	0	0.002688	0.000383	0.002688	0.000383	0.490690	0.069916
45	G	140	37078	31142	0.004496	0	30	37078	2	11419	9802	0.000204	0	19	11419	0	0	0	nan	0	0	0	0.004291	0.000406	0.004291	0.000406	0.783315	0.074115
46	C	45	38433	31005	0.001451	0	30	38433	4	11538	9663	0.000414	0	19	11538	0	0	0	nan	0	0	0	0.001037	0.000299	0.001037	0.000299	0.189303	0.054582
47	A	37	38603	32357	0.001143	0	30	38603	6	11550	9959	0.000602	0	19	11550	0	0	0	nan	0	0	0	0.000541	0.000310	0.000541	0.000310	0.098759	0.056590
48	G	154	39379	32681	0.004712	0	30	39379	3	11705	10004	0.000300	0	19	11705	0	0	0	nan	0	0	0	0.004412	0.000417	0.004412	0.000417	0.805403	0.076123
49	C	129	39140	31536	0.004091	0	30	39140	1	11416	9773	0.000102	0	19	11416	0	0	0	nan	0	0	0	0.003988	0.000374	0.003988	0.000374	0.728003	0.068273
50	U	158	39677	32606	0.004846	0	30	39677	2	11492	9993	0.000200	0	19	11492	0	0	0	nan	0	0	0	0.004646	0.000411	0.004646	0.000411	0.848120	0.075027
51	A	39	40681	33226	0.001174	0	30	40681	4	11636	10073	0.000397	0	19	11636	0	0	0	nan	0	0	0	0.000777	0.000273	0.000777	0.000273	0.141840	0.049836
52	G	232	40496	34708	0.006684	0	30	40496	3	11589	10102	0.000297	0	19	11589	0	0	0	nan	0	0	0	0.006387	0.000471	0.006387	0.000471	1.165936	0.085980
53	C	149	45017	34417	0.004329	0	30	45017	1	12565	10494	0.000095	0	19	12565	0	0	0	nan	0	0	0	0.004234	0.000367	0.004234	0.000367	0.772910	0.066995
54	U	179	46230	35112	0.005098	0	29	46230	5	12957	10794	0.000463	0	19	12957	0	0	0	nan	0	0	0	0.004635	0.000434	0.004635	0.000434	0.846112	0.079226
55	G	195	47366	35300	0.005524	0	30	47366	4	13151	10770	0.000371	0	18	13151	0	0	0	nan	0	0	0	0.005153	0.000437	0.005153	0.000437	0.940672	0.079774
56	C	202	46965	38139	0.005296	0	27	46965	3	13161	11123	0.000270	0	18	13161	0	0	0	nan	0	0	0	0.005027	0.000404	0.005027	0.000404	0.917671	0.073750
57	G	98	47097	38975	0.002514	0	27	47097	4	13177	11325	0.000353	0	18	13177	0	0	0	nan	0	0	0	0.002161	0.000309	0.002161	0.000309	0.394487	0.056407
58	A	793	46976	38848	0.020413	0	25	46976	28	13153	11444	0.002447	0	18	13153	0	0	0	nan	0	0	0	0.017966	0.000860	0.017966	0.000860	3.279664	0.156992
59	G	74	52087	43887	0.001686	0	26	52087	1	14129	12396	0.000081	0	18	14129	0	0	0	nan	0	0	0	0.001605	0.000212	0.001605	0.000212	0.292990	0.038700
60	A	151	54999	45300	0.003333	0	26	54999	8	14794	12679	0.000631	0	18	14794	0	0	0	nan	0	0	0	0.002702	0.000351	0.002702	0.000351	0.493246	0.064074
61	A	87	55092	46111	0.001887	0	27	55092	1	14789	12767	0.000078	0	18	14789	0	0	0	nan	0	0	0	0.001808	0.000217	0.001808	0.000217	0.330047	0.039613
62	U	198	55109	41881	0.004728	0	27	55109	3	14735	12265	0.000245	0	18	14735	0	0	0	nan	0	0	0	0.004483	0.000364	0.004483	0.000364	0.818364	0.066448
63	U	196	55414	40407	0.004851	0	27	55414	10	14810	11961	0.000836	0	18	14810	0	0	0	nan	0	0	0	0.004015	0.000436	0.004015	0.000436	0.732932	0.079591
64	A	49	56993	42591	0.001150	0	27	56993	7	15101	12341	0.000567	0	18	15101	0	0	0	nan	0	0	0	0.000583	0.000270	0.000583	0.000270	0.106426	0.049288
65	A	98	57114	46793	0.002094	0	27	57114	4	15078	12298	0.000325	0	16	15078	0	0	0	nan	0	0	0	0.001769	0.000267	0.001769	0.000267	0.322928	0.048740
66	U	324	57066	48503	0.006680	0	27	57066	0	14635	12408	0.000000	0	14	14635	0	0	0	nan	0	0	0	0.006680	0.000371	0.006680	0.000371	1.219423	0.067725
67	G	234	58912	45839	0.005105	0	27	58912	4	15061	10799	0.000370	0	14	15061	0	0	0	nan	0	0	0	0.004734	0.000382	0.004734	0.000382	0.864184	0.069733
68	U	330	55084	44156	0.007474	0	26	55084	5	12784	10388	0.000481	0	4	12784	0	0	0	nan	0	0	0	0.006992	0.000464	0.006992	0.000464	1.276378	0.084702
69	G	87	57882	47800	0.001820	0	27	57882	5	13394	11278	0.000443	0	4	13394	0	0	0	nan	0	0	0	0.001377	0.000278	0.001377	0.000278	0.251369	0.050748
70	A	92	56706	47047	0.001955	0	12	56706	6	12853	10736	0.000559	0	0	12853	0	0	0	nan	0	0	0	0.001397	0.000306	0.001397	0.000306	0.255020	0.055860
71	A	395	55829	48066	0.008218	0	12	55829	5	12693	10898	0.000459	0	0	12693	0	0	0	nan	0	0	0	0.007759	0.000462	0.007759	0.000462	1.416393	0.084337
72	U	316	64579	54422	0.005806	0	16	64579	9	15056	12803	0.000703	0	0	15056	0	0	0	nan	0	0	0	0.005104	0.000402	0.005104	0.000402	0.931727	0.073384
73	U	218	62413	53308	0.004089	0	17	62413	8	14428	12386	0.000646	0	0	14428	0	0	0	nan	0	0	0	0.003444	0.000359	0.003444	0.000359	0.628697	0.065535
74	G	877	64383	54416	0.016117	0	17	64383	3	14912	12600	0.000238	0	0	14912	0	0	0	nan	0	0	0	0.015878	0.000561	0.015878	0.000561	2.898503	0.102410
75	C	162	62576	52063	0.003112	0	17	62576	3	14501	12044	0.000249	0	0	14501	0	0	0	nan	0	0	0	0.002863	0.000284	0.002863	0.000284	0.522636	0.051844
76	A	109	61541	51988	0.002097	0	17	61541	8	14317	11956	0.000669	0	0	14317	0	0	0	nan	0	0	0	0.001428	0.000310	0.001428	0.000310	0.260679	0.056590
77	G	325	62832	51955	0.006255	0	17	62832	3	14637	11985	0.000250	0	0	14637	0	0	0	nan	0	0	0	0.006005	0.000376	0.006005	0.000376	1.096203	0.068638
78	G	130	60879	49130	0.002646	0	18	60879	2	14185	11298	0.000177	0	0	14185	0	0	0	nan	0	0	0	0.002469	0.000264	0.002469	0.000264	0.450712	0.048193
79	A	203	64527	52611	0.003859	0	20	64527	7	15127	12209	0.000573	0	0	15127	0	0	0	nan	0	0	0	0.003285	0.000347	0.003285	0.000347	0.599671	0.063344
80	C	74	64756	49148	0.001506	0	20	64756	0	15223	11440	0.000000	0	0	15223	0	0	0	nan	0	0	0	0.001506	0.000175	0.001506	0.000175	0.274918	0.031946
81	A	100	63136	53180	0.001880	0	15	63136	6	14795	12321	0.000487	0	0	14795	0	0	0	nan	0	0	0	0.001393	0.000274	0.001393	0.000274	0.254290	0.050018
82	C	50	64916	55548	0.000900	0	17	64916	6	15402	13084	0.000459	0	0	15402	0	0	0	nan	0	0	0	0.000442	0.000226	0.000442	0.000226	0.080686	0.041256
83	A	133	65065	55761	0.002385	0	15	65065	1	15441	13229	0.000076	0	0	15441	0	0	0	nan	0	0	0	0.002310	0.000220	0.002310	0.000220	0.421687	0.040161
84	U	300	64554	56151	0.005343	0	15	64554	3	15424	13495	0.000222	0	0	15424	0	0	0	nan	0	0	0	0.005120	0.000334	0.005120	0.000334	0.934648	0.060971
85	U	227	63896	54373	0.004175	0	15	63896	2	15294	13086	0.000153	0	0	15294	0	0	0	nan	0	0	0	0.004022	0.000297	0.004022	0.000297	0.734210	0.054217
86	G	406	64641	54540	0.007444	0	17	64641	89	15534	13172	0.006757	0	0	15534	0	0	0	nan	0	0	0	0.000687	0.000806	0.000687	0.000806	0.125411	0.147134
87	A	116	67845	56096	0.002068	0	21	67845	8	16217	13556	0.000590	0	0	16217	0	0	0	nan	0	0	0	0.001478	0.000284	0.001478	0.000284	0.269806	0.051844
88	U	255	66588	53988	0.004723	0	21	66588	7	16306	13348	0.000524	0	1	16306	0	0	0	nan	0	0	0	0.004199	0.000356	0.004199	0.000356	0.766521	0.064987
89	C	671	65792	52063	0.012888	0	22	65792	189	16233	12869	0.014686	0	1	16233	0	0	0	nan	0	0	0	-0.001798	0.001178	-0.001798	0.001178	-0.328222	0.215042
90	A	111	62719	50699	0.002189	0	22	62719	17	15422	12498	0.001360	0	1	15422	0	0	0	nan	0	0	0	0.000829	0.000390	0.000829	0.000390	0.151333	0.071194
91	U	265	62050	53453	0.004958	0	22	62050	8	15342	13215	0.000605	0	1	15342	0	0	0	nan	0	0	0	0.004352	0.000372	0.004352	0.000372	0.794451	0.067908
92	C	208	62626	53945	0.003856	0	22	62626	4	15325	13289	0.000301	0	1	15325	0	0	0	nan	0	0	0	0.003555	0.000307	0.003555	0.000307	0.648959	0.056042
93	G	96	62552	49509	0.001939	0	22	62552	5	15297	12059	0.000415	0	1	15297	0	0	0	nan	0	0	0	0.001524	0.000271	0.001524	0.000271	0.278204	0.049471
94	A	232	63107	49827	0.004656	0	22	63107	5	15414	12097	0.000413	0	1	15414	0	0	0	nan	0	0	0	0.004243	0.000357	0.004243	0.000357	0.774553	0.065170
95	C	75	58359	44254	0.001695	0	22	58359	7	14577	10928	0.000641	0	1	14577	0	0	0	nan	0	0	0	0.001054	0.000311	0.001054	0.000311	0.192406	0.056773
96	A	162	57519	48265	0.003356	0	22	57519	172	14200	11870	0.014490	0	1	14200	0	0	0	nan	0	0	0	-0.011134	0.001136	-0.011134	0.001136	-2.032494	0.207375
97	C	235	59903	48732	0.004822	0	22	59903	1	14875	12052	0.000083	0	1	14875	0	0	0	nan	0	0	0	0.004739	0.000325	0.004739	0.000325	0.865097	0.059328
98	U	341	63962	54088	0.006305	0	22	63962	5	15580	13186	0.000379	0	1	15580	0	0	0	nan	0	0	0	0.005925	0.000381	0.005925	0.000381	1.081599	0.069551
99	U	292	64559	54522	0.005356	0	22	64559	4	15688	13341	0.000300	0	1	15688	0	0	0	nan	0	0	0	0.005056	0.000347	0.005056	0.000347	0.922965	0.063344
100	C	168	62403	53942	0.003114	0	22	62403	6	15139	13156	0.000456	0	1	15139	0	0	0	nan	0	0	0	0.002658	0.000304	0.002658	0.000304	0.485214	0.055495
101	G	100	62536	51904	0.001927	0	22	62536	7	15189	12694	0.000551	0	1	15189	0	0	0	nan	0	0	0	0.001375	0.000284	0.001375	0.000284	0.251004	0.051844
102	A	85	62240	48948	0.001737	0	22	62240	13	15130	11810	0.001101	0	1	15130	0	0	0	nan	0	0	0	0.000636	0.000359	0.000636	0.000359	0.116101	0.065535
103	A	192	66411	52988	0.003623	0	22	66411	5	15864	12503	0.000400	0	1	15864	0	0	0	nan	0	0	0	0.003224	0.000317	0.003224	0.000317	0.588536	0.057868
104	C	141	73781	58959	0.002391	0	22	73781	5	17084	13641	0.000367	0	1	17084	0	0	0	nan	0	0	0	0.002025	0.000260	0.002025	0.000260	0.369660	0.047463
105	G	297	73711	60727	0.004891	0	21	73711	10	17063	14240	0.000702	0	1	17063	0	0	0	nan	0	0	0	0.004188	0.000360	0.004188	0.000360	0.764513	0.065717
106	C	81	70987	57860	0.001400	0	21	70987	8	16135	13372	0.000598	0	1	16135	0	0	0	nan	0	0	0	0.000802	0.000263	0.000802	0.000263	0.146404	0.048010
107	A	106	70455	60127	0.001763	0	21	70455	3	16018	13754	0.000218	0	1	16018	0	0	0	nan	0	0	0	0.001545	0.000213	0.001545	0.000213	0.282037	0.038883
108	C	207	65745	55735	0.003714	0	26	65745	4	14331	12179	0.000328	0	1	14331	0	0	0	nan	0	0	0	0.003386	0.000306	0.003386	0.000306	0.618109	0.055860
109	U	268	66063	55510	0.004828	0	26	66063	2	14361	12212	0.000164	0	1	14361	0	0	0	nan	0	0	0	0.004664	0.000317	0.004664	0.000317	0.851406	0.057868
110	U	534	66625	56060	0.009526	0	26	66625	13	14561	12375	0.001051	0	1	14561	0	0	0	nan	0	0	0	0.008475	0.000505	0.008475	0.000505	1.547097	0.092187
111	G	309	64741	53719	0.005752	0	26	64741	3	14146	11825	0.000254	0	1	14146	0	0	0	nan	0	0	0	0.005498	0.000359	0.005498	0.000359	1.003651	0.065535
112	C	197	64977	54939	0.003586	0	26	64977	8	14245	12066	0.000663	0	1	14245	0	0	0	nan	0	0	0	0.002923	0.000347	0.002923	0.000347	0.533589	0.063344
113	G	537	64889	56077	0.009576	0	26	64889	12	14237	12278	0.000977	0	1	14237	0	0	0	nan	0	0	0	0.008599	0.000500	0.008599	0.000500	1.569733	0.091274
114	G	318	65466	55212	0.005760	0	38	65466	5	14799	12343	0.000405	0	9	14799	0	0	0	nan	0	0	0	0.005355	0.000370	0.005355	0.000370	0.977547	0.067543
115	C	220	63495	54397	0.004044	0	37	63495	7	14403	12254	0.000571	0	9	14403	0	0	0	nan	0	0	0	0.003473	0.000348	0.003473	0.000348	0.633991	0.063527
116	C	165	62796	52443	0.003146	0	39	62796	2	14233	11817	0.000169	0	9	14233	0	0	0	nan	0	0	0	0.002977	0.000273	0.002977	0.000273	0.543447	0.049836
117	C	183	60090	50245	0.003642	0	39	60090	4	13492	11247	0.000356	0	9	13492	0	0	0	nan	0	0	0	0.003287	0.000323	0.003287	0.000323	0.600037	0.058963
118	C	174	57534	48510	0.003587	0	39	57534	2	12809	10737	0.000186	0	9	12809	0	0	0	nan	0	0	0	0.003401	0.000302	0.003401	0.000302	0.620847	0.055130
119	G	216	57914	48902	0.004417	0	43	57914	3	12944	10873	0.000276	0	9	12944	0	0	0	nan	0	0	0	0.004141	0.000340	0.004141	0.000340	0.755933	0.062066
120	G	270	58335	49613	0.005442	0	44	58335	5	13038	11004	0.000454	0	9	13038	0	0	0	nan	0	0	0	0.004988	0.000389	0.004988	0.000389	0.910551	0.071011
121	G	218	58652	37057	0.005883	0	44	58652	3	13022	8545	0.000351	0	9	13022	0	0	0	nan	0	0	0	0.005532	0.000447	0.005532	0.000447	1.009858	0.081599
122	U	197	56205	31929	0.006170	0	35	56205	4	12925	7622	0.000525	0	9	12925	0	0	0	nan	0	0	0	0.005645	0.000512	0.005645	0.000512	1.030486	0.093465
123	U	157	52787	30499	0.005148	0	35	52787	1	11889	7192	0.000139	0	9	11889	0	0	0	nan	0	0	0	0.005009	0.000434	0.005009	0.000434	0.914385	0.079226
124	C	88	51926	36845	0.002388	0	35	51926	3	11550	8414	0.000357	0	9	11550	0	0	0	nan	0	0	0	0.002032	0.000327	0.002032	0.000327	0.370938	0.059693
125	C	78	50433	39886	0.001956	0	35	50433	3	11054	8934	0.000336	0	8	11054	0	0	0	nan	0	0	0	0.001620	0.000294	0.001620	0.000294	0.295728	0.053669
126	U	1322	51045	41987	0.031486	0	36	51045	104	11297	9370	0.011099	0	8	11297	0	0	0	nan	0	0	0	0.020387	0.001391	0.020387	0.001391	3.721614	0.253925
127	C	195	51180	41272	0.004725	0	36	51180	2	11266	9092	0.000220	0	8	11266	0	0	0	nan	0	0	0	0.004505	0.000372	0.004505	0.000372	0.822380	0.067908
128	C	141	50161	40946	0.003444	0	36	50161	3	11015	8936	0.000336	0	8	11015	0	0	0	nan	0	0	0	0.003108	0.000349	0.003108	0.000349	0.567360	0.063709
129	C	170	47960	40996	0.004147	0	36	47960	6	10504	8902	0.000674	0	8	10504	0	0	0	nan	0	0	0	0.003473	0.000421	0.003473	0.000421	0.633991	0.076853
130	G	239	47472	40525	0.005898	0	36	47472	4	10366	8791	0.000455	0	8	10366	0	0	0	nan	0	0	0	0.005443	0.000444	0.005443	0.000444	0.993611	0.081051
131	G	213	48691	42459	0.005017	0	36	48691	2	10663	9250	0.000216	0	8	10663	0	0	0	nan	0	0	0	0.004800	0.000376	0.004800	0.000376	0.876232	0.068638
132	G	200	48954	40979	0.004881	0	36	48954	2	10955	9155	0.000218	0	8	10955	0	0	0	nan	0	0	0	0.004662	0.000378	0.004662	0.000378	0.851041	0.069003
133	G	146	47176	39854	0.003663	0	35	47176	1	10676	9035	0.000111	0	8	10676	0	0	0	nan	0	0	0	0.003553	0.000323	0.003553	0.000323	0.648594	0.058963
134	C	167	43091	29326	0.005695	0	35	43091	40	9722	6881	0.005813	0	8	9722	0	0	0	nan	0	0	0	-0.000119	0.001019	-0.000119	0.001019	-0.021723	0.186017
135	U	222	35506	28226	0.007865	0	26	35506	9	8419	6734	0.001337	0	8	8419	0	0	0	nan	0	0	0	0.006529	0.000691	0.006529	0.000691	1.191858	0.126141
136	A	120	35083	28172	0.004260	0	26	35083	3	8351	6753	0.000444	0	8	8351	0	0	0	nan	0	0	0	0.003815	0.000466	0.003815	0.000466	0.696422	0.085068
137	C	52	34843	30304	0.001716	0	26	34843	5	8283	7196	0.000695	0	8	8283	0	0	0	nan	0	0	0	0.001021	0.000391	0.001021	0.000391	0.186382	0.071376
138	G	150	34678	29477	0.005089	0	26	34678	1	8280	7068	0.000141	0	8	8280	0	0	0	nan	0	0	0	0.004947	0.000439	0.004947	0.000439	0.903067	0.080139
139	C	68	34505	24059	0.002826	0	15	34505	2	8239	6068	0.000330	0	0	8239	0	0	0	nan	0	0	0	0.002497	0.000414	0.002497	0.000414	0.455823	0.075575
140	C	63	28553	14895	0.004230	0	15	28553	0	7185	4292	0.000000	0	0	7185	0	0	0	nan	0	0	0	0.004230	0.000533	nan	nan	nan	nan
141	U	85	17892	15172	0.005602	0	15	17892	11	5111	4358	0.002524	0	0	5111	0	0	0	nan	0	0	0	0.003078	0.000974	nan	nan	nan	nan
142	G	55	17801	14739	0.003732	0	15	17801	0	5106	4306	0.000000	0	0	5106	0	0	0	nan	0	0	0	0.003732	0.000503	nan	nan	nan	nan
143	U	83	17472	14290	0.005808	0	15	17472	1	5045	4238	0.000236	0	0	5045	0	0	0	nan	0	0	0	0.005572	0.000680	nan	nan	nan	nan
144	C	62	17023	11107	0.005582	0	8	17023	0	5027	3661	0.000000	0	0	5027	0	0	0	nan	0	0	0	0.005582	0.000709	nan	nan	nan	nan
145	U	55	13392	10930	0.005032	0	8	13392	4	4280	3662	0.001092	0	0	4280	0	0	0	nan	0	0	0	0.003940	0.000871	nan	nan	nan	nan
146	G	169	12878	9659	0.017497	0	8	12878	3	4200	3342	0.000898	0	0	4200	0	0	0	nan	0	0	0	0.016599	0.001442	nan	nan	nan	nan
147	A	41	11853	9347	0.004386	0	8	11853	4	3875	3280	0.001220	0	0	3875	0	0	0	nan	0	0	0	0.003167	0.000917	nan	nan	nan	nan
148	G	59	11713	8805	0.006701	0	8	11713	1	3850	3090	0.000324	0	0	3850	0	0	0	nan	0	0	0	0.006377	0.000930	nan	nan	nan	nan
149	C	21	11232	7837	0.002680	0	8	11232	0	3673	2748	0.000000	0	0	3673	0	0	0	nan	0	0	0	0.002680	0.000585	nan	nan	nan	nan
150	G	11	9654	6196	0.001775	0	8	9654	0	3227	2404	0.000000	0	0	3227	0	0	0	nan	0	0	0	0.001775	0.000535	nan	nan	nan	nan
151	U	398	7745	5414	0.073513	0	8	7745	12	2502	1985	0.006045	0	0	2502	0	0	0	nan	0	0	0	0.067468	0.004077	nan	nan	nan	nan
152	C	21	7048	5114	0.004106	0	4	7048	0	2171	1835	0.000000	0	0	2171	0	0	0	nan	0	0	0	0.004106	0.000896	nan	nan	nan	nan
153	G	30	6987	5603	0.005354	0	4	6987	1	2170	1905	0.000525	0	0	2170	0	0	0	nan	0	0	0	0.004829	0.001110	nan	nan	nan	nan
154	C	61	6448	4826	0.012640	0	3	6448	0	2018	1690	0.000000	0	0	2018	0	0	0	nan	0	0	0	0.012640	0.001618	nan	nan	nan	nan
155	U	27	6078	3724	0.007250	0	3	6078	0	1919	1641	0.000000	0	0	1919	0	0	0	nan	0	0	0	0.007250	0.001395	nan	nan	nan	nan
156	U	0	3777	1696	0.000000	0	0	3777	0	1821	940	0.000000	0	0	1821	0	0	0	nan	0	0	0	0.000000	0.000000	nan	nan	nan	nan